<?xml version="1.0" encoding="UTF-8" standalone="no"?>
<!DOCTYPE svg PUBLIC "-//W3C//DTD SVG 20010904//EN"
              "http://www.w3.org/TR/2001/REC-SVG-20010904/DTD/svg10.dtd">

<svg xmlns="http://www.w3.org/2000/svg"
     width="5.68889in" height="5.68889in"
     viewBox="0 0 512 512">
  <path id="Ruta importada"
        fill="none" stroke="black" stroke-width="1"
        d="M 256.00,1.00
           C 179.80,1.00 111.70,34.40 64.90,87.20
             64.90,87.20 0.00,22.30 0.00,22.30
             0.00,22.30 0.00,193.00 0.00,193.00
             0.00,193.00 170.70,193.00 170.70,193.00
             170.70,193.00 110.50,132.80 110.50,132.80
             145.60,91.50 197.50,65.00 256.00,65.00
             362.10,65.00 448.00,150.90 448.00,257.00
             448.00,363.10 362.10,449.00 256.00,449.00
             203.00,449.00 155.00,427.50 120.20,392.80
             120.20,392.80 75.00,438.00 75.00,438.00
             121.40,484.30 185.40,513.00 256.00,513.00
             397.40,513.00 512.00,398.40 512.00,257.00
             512.00,115.60 397.40,1.00 256.00,1.00 Z" />
</svg>
